at_time(sec), nonNLP_percentage, insect_percentage, poison_percentage, insecticide_percentage
0, 0.152239, 0.847761, 0, 0
0.101177, 0.152239, 0.847761, 0, 0
0.203656, 0.251282, 0.748718, 0, 0
0.306205, 0.287815, 0.712185, 0, 0
0.395205, 0.3, 0.7, 0, 0.028
0.467017, 0.276, 0.724, 0, 0
0.570859, 0.294, 0.706, 0, 0
0.674329, 0.336, 0.664, 0, 0
0.739237, 0.386, 0.614, 0, 0
0.844961, 0.498, 0.502, 0, 0
0.950903, 0.498, 0.502, 0, 0
1.05975, 0.44, 0.56, 0, 0
1.16769, 0.424, 0.576, 0, 0
1.27427, 0.412, 0.588, 0, 0
1.38048, 0.392, 0.608, 0, 0
1.48485, 0.358, 0.642, 0, 0
1.59006, 0.334, 0.666, 0, 0.032
1.66392, 0.302, 0.698, 0, 0.078
1.76718, 0.24, 0.76, 0, 0.018
1.87393, 0.234, 0.766, 0, 0.01
1.97739, 0.244, 0.756, 0, 0
2.0812, 0.256, 0.744, 0, 0
20.2157, 0.256, 0.744, 0, 0
20.2401, 0.252, 0.748, 0, 0
2.32017, 0.248, 0.752, 0, 0
2.44494, 0.244, 0.756, 0, 0
2.54903, 0.244, 0.756, 0, 0
2.66016, 0.244, 0.756, 0, 0
2.76728, 0.23, 0.77, 0, 0
2.87406, 0.218, 0.782, 0, 0
2.97783, 0.192, 0.808, 0, 0
3.07981, 0.192, 0.808, 0, 0
3.18505, 0.192, 0.808, 0, 0
3.28958, 0.192, 0.808, 0, 0
3.39571, 0.174, 0.826, 0, 0
3.50154, 0.17, 0.83, 0, 0
3.60589, 0.17, 0.83, 0, 0
3.65243, 0.17, 0.83, 0, 0
3.75746, 0.17, 0.83, 0, 0
3.86274, 0.17, 0.83, 0, 0
3.97295, 0.17, 0.83, 0, 0
4.07903, 0.17, 0.83, 0, 0
4.19406, 0.184, 0.816, 0, 0
4.30034, 0.198, 0.802, 0, 0
4.33919, 0.198, 0.802, 0, 0
4.44566, 0.2, 0.8, 0, 0
4.56351, 0.196, 0.804, 0, 0
4.67054, 0.19, 0.81, 0, 0
4.77706, 0.192, 0.808, 0, 0
4.88294, 0.196, 0.804, 0, 0
4.97964, 0.19, 0.81, 0, 0
5.09315, 0.138, 0.862, 0, 0
5.20318, 0.13, 0.87, 0, 0
5.31044, 0.128, 0.872, 0, 0
5.4173, 0.114, 0.886, 0, 0
5.54714, 0.114, 0.886, 0, 0
5.66535, 0.114, 0.886, 0, 0
5.77286, 0.114, 0.886, 0, 0
5.88006, 0.116, 0.884, 0, 0
5.98956, 0.118, 0.882, 0, 0
6.09473, 0.118, 0.882, 0, 0
6.20225, 0.118, 0.882, 0, 0
6.3073, 0.12, 0.88, 0, 0
6.42395, 0.126, 0.874, 0, 0
6.53632, 0.126, 0.874, 0, 0
6.62889, 0.126, 0.874, 0, 0
6.74696, 0.124, 0.876, 0, 0
6.86572, 0.124, 0.876, 0, 0
6.98241, 0.124, 0.876, 0, 0
25.1281, 0.124, 0.876, 0, 0
25.2233, 0.124, 0.876, 0, 0
25.2711, 0.124, 0.876, 0, 0
7.35189, 0.124, 0.876, 0, 0
7.46182, 0.126, 0.874, 0, 0
7.58422, 0.128, 0.872, 0, 0
7.69393, 0.136, 0.864, 0, 0
7.80925, 0.144, 0.856, 0, 0
7.8696, 0.144, 0.856, 0, 0
7.97628, 0.146, 0.854, 0, 0
8.08526, 0.144, 0.856, 0, 0
8.19635, 0.144, 0.856, 0, 0
8.30338, 0.144, 0.856, 0, 0
8.40978, 0.148, 0.852, 0, 0
8.52087, 0.144, 0.856, 0, 0
8.64239, 0.142, 0.858, 0, 0
8.75696, 0.142, 0.858, 0, 0
8.8249, 0.142, 0.858, 0, 0
8.93558, 0.142, 0.858, 0, 0
9.04935, 0.128, 0.872, 0, 0
9.15999, 0.128, 0.872, 0, 0
9.28673, 0.128, 0.872, 0, 0
9.4017, 0.128, 0.872, 0, 0
9.52211, 0.128, 0.872, 0, 0
9.6417, 0.128, 0.872, 0, 0
9.76351, 0.128, 0.872, 0, 0
9.88956, 0.128, 0.872, 0, 0
10.0088, 0.126, 0.874, 0, 0
10.1448, 0.126, 0.874, 0, 0
10.1922, 0.126, 0.874, 0, 0
10.3143, 0.126, 0.874, 0, 0
10.4402, 0.126, 0.874, 0, 0
10.555, 0.128, 0.872, 0, 0
10.6695, 0.128, 0.872, 0, 0
10.7904, 0.13, 0.87, 0, 0.002
10.9197, 0.124, 0.876, 0, 0
11.0362, 0.122, 0.878, 0, 0
11.1593, 0.122, 0.878, 0, 0
11.2754, 0.122, 0.878, 0, 0
11.4039, 0.124, 0.876, 0, 0
11.5267, 0.128, 0.872, 0, 0
11.6515, 0.128, 0.872, 0, 0
11.7723, 0.128, 0.872, 0, 0
11.8878, 0.134, 0.866, 0, 0
12.0141, 0.134, 0.866, 0, 0
30.1785, 0.134, 0.866, 0, 0
30.2849, 0.132, 0.868, 0, 0
12.3829, 0.132, 0.868, 0, 0
12.5173, 0.136, 0.864, 0, 0
12.6529, 0.136, 0.864, 0, 0
12.7689, 0.138, 0.862, 0, 0
12.8245, 0.138, 0.862, 0, 0
12.9459, 0.138, 0.862, 0, 0
13.0758, 0.138, 0.862, 0, 0
13.2086, 0.138, 0.862, 0, 0
13.3424, 0.138, 0.862, 0, 0
13.4653, 0.138, 0.862, 0, 0
13.5881, 0.138, 0.862, 0, 0
13.713, 0.138, 0.862, 0, 0
13.8587, 0.14, 0.86, 0, 0
13.8935, 0.14, 0.86, 0, 0
14.0148, 0.14, 0.86, 0, 0
14.1356, 0.14, 0.86, 0, 0
14.2705, 0.14, 0.86, 0, 0
14.4038, 0.14, 0.86, 0, 0
14.5344, 0.14, 0.86, 0, 0
14.6557, 0.14, 0.86, 0, 0
14.7777, 0.14, 0.86, 0, 0
14.9194, 0.14, 0.86, 0, 0
15.012, 0.14, 0.86, 0, 0
15.1508, 0.138, 0.862, 0, 0
15.301, 1, 0.86, 0, 0
15.4493, 1, 0.856, 0, 0
15.5907, 1, 0.858, 0, 0
15.7318, 1, 0.854, 0, 0
15.8894, 1, 0.852, 0, 0
16.029, 1, 0.852, 0, 0
16.1687, 1, 0.858, 0, 0
16.3124, 1, 0.86, 0, 0
16.4212, 1, 0.862, 0, 0
16.5643, 1, 0.87, 0, 0
16.7084, 1, 0.87, 0, 0
16.845, 0.996, 0.868, 0.004, 0
16.9894, 0.996, 0.868, 0.004, 0
35.1574, 0.996, 0.868, 0.004, 0
35.2132, 0.996, 0.868, 0.004, 0
17.3266, 0.996, 0.868, 0.004, 0
17.4958, 0.996, 0.868, 0.004, 0
17.6373, 0.998, 0.87, 0.002, 0
17.7754, 1, 0.872, 0, 0
17.8753, 1, 0.872, 0, 0
18.0209, 1, 0.872, 0, 0
18.1613, 1, 0.872, 0, 0
18.3165, 1, 0.872, 0, 0
18.4581, 1, 0.872, 0, 0
18.6113, 1, 0.872, 0, 0
18.7514, 1, 0.876, 0, 0
18.8273, 1, 0.88, 0, 0
18.9678, 1, 0.882, 0, 0
19.1211, 1, 0.882, 0, 0
19.2008, 1, 0.882, 0, 0
19.3434, 1, 0.882, 0, 0
19.5032, 1, 0.882, 0, 0
19.646, 1, 0.87, 0, 0
19.7896, 1, 0.872, 0, 0
19.9322, 1, 0.872, 0, 0
20.0763, 1, 0.872, 0, 0
20.2351, 1, 0.878, 0, 0
20.3918, 1, 0.878, 0, 0
20.5397, 1, 0.878, 0, 0
20.6963, 1, 0.876, 0, 0
20.8399, 1, 0.876, 0, 0
20.9194, 1, 0.872, 0, 0
21.067, 1, 0.87, 0, 0
21.2129, 1, 0.872, 0, 0
21.351, 1, 0.872, 0, 0
21.4491, 1, 0.872, 0, 0
21.5969, 1, 0.872, 0, 0
21.7396, 1, 0.872, 0, 0
21.8845, 1, 0.87, 0, 0
22.0423, 1, 0.856, 0, 0
40.2261, 1, 0.848, 0, 0
22.3335, 1, 0.848, 0, 0
22.515, 1, 0.848, 0, 0
22.677, 1, 0.844, 0, 0
22.8245, 1, 0.846, 0, 0
22.9519, 1, 0.846, 0, 0
23.1016, 1, 0.846, 0, 0
23.2558, 1, 0.846, 0, 0
23.4275, 1, 0.848, 0, 0
23.5889, 1, 0.848, 0, 0
23.7491, 1, 0.85, 0, 0
23.9482, 1, 0.852, 0, 0
24.0962, 1, 0.852, 0, 0
24.2381, 1, 0.852, 0, 0
24.387, 1, 0.852, 0, 0
24.5281, 1, 0.852, 0, 0
24.6718, 1, 0.854, 0, 0
24.8128, 1, 0.854, 0, 0
24.9542, 1, 0.854, 0, 0
25.0952, 1, 0.854, 0, 0
25.238, 1, 0.856, 0, 0
25.3857, 1, 0.856, 0, 0
25.5298, 1, 0.856, 0, 0
25.6755, 1, 0.856, 0, 0
25.8179, 1, 0.856, 0, 0
25.9591, 1, 0.856, 0, 0
26.1007, 1, 0.856, 0, 0
26.2417, 1, 0.856, 0, 0
26.3818, 1, 0.856, 0, 0
26.5233, 1, 0.856, 0, 0
26.6589, 1, 0.856, 0, 0
26.7985, 1, 0.856, 0, 0
26.9367, 1, 0.856, 0, 0
27.0733, 1, 0.856, 0, 0
45.2404, 1, 0.856, 0, 0
27.3324, 1, 0.858, 0, 0
27.4877, 1, 0.858, 0, 0
27.6291, 1, 0.858, 0, 0
27.7663, 1, 0.858, 0, 0
27.902, 1, 0.858, 0, 0
28.0382, 1, 0.858, 0, 0
28.1741, 1, 0.858, 0, 0
28.3137, 1, 0.858, 0, 0
28.4503, 1, 0.858, 0, 0
28.591, 1, 0.858, 0, 0
28.7287, 1, 0.858, 0, 0
28.8647, 1, 0.858, 0, 0
29.0047, 1, 0.86, 0, 0
29.1407, 1, 0.86, 0, 0
29.2805, 1, 0.86, 0, 0
29.4208, 1, 0.86, 0, 0
29.5573, 0.998, 0.864, 0.002, 0
29.7149, 0.996, 0.864, 0.004, 0
29.8509, 0.996, 0.864, 0.004, 0
29.9887, 0.996, 0.864, 0.004, 0
30.1247, 0.996, 0.88, 0.004, 0
30.2587, 0.996, 0.88, 0.004, 0
30.4021, 0.996, 0.88, 0.004, 0
30.5398, 0.996, 0.88, 0.004, 0
30.6733, 0.996, 0.88, 0.004, 0
30.8092, 0.996, 0.88, 0.004, 0
30.9442, 0.996, 0.88, 0.004, 0
31.0834, 0.996, 0.88, 0.004, 0
31.2235, 0.996, 0.88, 0.004, 0
31.3599, 0.996, 0.88, 0.004, 0
31.4946, 0.996, 0.88, 0.004, 0
31.628, 0.996, 0.88, 0.004, 0
31.7615, 0.996, 0.88, 0.004, 0
31.9035, 0.996, 0.88, 0.004, 0
32.0374, 0.996, 0.88, 0.004, 0
50.203, 0.996, 0.88, 0.004, 0
50.3281, 0.996, 0.88, 0.004, 0
32.4991, 0.996, 0.88, 0.004, 0
32.6523, 0.996, 0.88, 0.004, 0
32.7921, 0.996, 0.88, 0.004, 0
32.9248, 0.996, 0.88, 0.004, 0
33.0655, 0.996, 0.882, 0.004, 0
33.2023, 0.996, 0.88, 0.004, 0
33.3373, 0.996, 0.88, 0.004, 0
33.4719, 0.996, 0.88, 0.004, 0
33.6077, 0.996, 0.88, 0.004, 0
33.745, 0.996, 0.87, 0.004, 0
33.8836, 0.996, 0.87, 0.004, 0
